# Velocity.X histogram (bin size: 0.0508205)
-4.96446 1
-4.91364 0
-4.86282 0
-4.812 0
-4.76118 0
-4.71036 1
-4.65954 0
-4.60872 0
-4.5579 0
-4.50708 0
-4.45626 0
-4.40544 0
-4.35461 1
-4.30379 2
-4.25297 0
-4.20215 0
-4.15133 0
-4.10051 0
-4.04969 0
-3.99887 0
-3.94805 0
-3.89723 0
-3.84641 0
-3.79559 1
-3.74477 4
-3.69395 2
-3.64313 0
-3.59231 2
-3.54149 4
-3.49067 2
-3.43985 1
-3.38903 4
-3.33821 4
-3.28738 8
-3.23656 1
-3.18574 6
-3.13492 6
-3.0841 5
-3.03328 12
-2.98246 6
-2.93164 6
-2.88082 7
-2.83 3
-2.77918 8
-2.72836 27
-2.67754 20
-2.62672 20
-2.5759 18
-2.52508 26
-2.47426 21
-2.42344 28
-2.37262 21
-2.3218 25
-2.27098 20
-2.22016 24
-2.16934 34
-2.11851 33
-2.06769 29
-2.01687 22
-1.96605 30
-1.91523 39
-1.86441 34
-1.81359 34
-1.76277 43
-1.71195 33
-1.66113 25
-1.61031 36
-1.55949 37
-1.50867 40
-1.45785 41
-1.40703 38
-1.35621 33
-1.30539 44
-1.25457 38
-1.20375 37
-1.15293 43
-1.10211 50
-1.05129 32
-1.00046 44
-0.949644 36
-0.898824 35
-0.848003 32
-0.797183 41
-0.746362 43
-0.695542 47
-0.644722 38
-0.593901 44
-0.543081 34
-0.49226 43
-0.44144 45
-0.390619 45
-0.339799 40
-0.288978 32
-0.238158 46
-0.187337 44
-0.136517 52
-0.0856967 46
-0.0348759 51
0.0159445 40
0.0667648 39
0.117585 40
0.168406 54
0.219226 40
0.270047 56
0.320867 35
0.371687 38
0.422508 53
0.473329 40
0.524149 46
0.574969 42
0.62579 43
0.67661 35
0.727431 52
0.778251 38
0.829072 41
0.879892 34
0.930713 25
0.981533 31
1.03235 34
1.08317 39
1.13399 38
1.18481 39
1.23564 33
1.28646 26
1.33728 32
1.3881 33
1.43892 41
1.48974 37
1.54056 34
1.59138 24
1.6422 46
1.69302 29
1.74384 29
1.79466 27
1.84548 35
1.8963 35
1.94712 36
1.99794 40
2.04876 30
2.09958 37
2.1504 23
2.20122 33
2.25204 33
2.30286 38
2.35368 18
2.40451 23
2.45533 32
2.50615 18
2.55697 24
2.60779 27
2.65861 14
2.70943 21
2.76025 16
2.81107 5
2.86189 9
2.91271 13
2.96353 5
3.01435 6
3.06517 6
3.11599 5
3.16681 2
3.21763 5
3.26845 3
3.31927 6
3.37009 5
3.42091 2
3.47174 3
3.52256 4
3.57338 2
3.6242 1
3.67502 0
3.72584 0
3.77666 2
3.82748 1
3.8783 1
3.92912 1
3.97994 0
4.03076 1
4.08158 0
4.1324 1
4.18322 0
4.23404 0
4.28486 0
4.33568 0
4.3865 1
4.43732 1
4.48814 1
4.53896 0
4.58978 0
4.6406 1
4.69143 0
4.74225 0
4.79307 0
4.84389 0
4.89471 0
4.94553 0
4.99635 0
5.04717 0
5.09799 0
5.14881 1
