# Velocity.X histogram (bin size: 0.045715)
-4.57563 1
-4.52992 0
-4.4842 0
-4.43849 0
-4.39277 0
-4.34706 0
-4.30134 1
-4.25563 0
-4.20991 0
-4.1642 0
-4.11848 1
-4.07277 0
-4.02705 0
-3.98134 0
-3.93562 1
-3.88991 0
-3.84419 1
-3.79848 0
-3.75276 0
-3.70705 1
-3.66133 1
-3.61562 1
-3.5699 3
-3.52419 2
-3.47847 0
-3.43276 0
-3.38704 0
-3.34133 1
-3.29561 4
-3.2499 2
-3.20418 0
-3.15847 4
-3.11275 4
-3.06704 3
-3.02132 4
-2.97561 6
-2.92989 5
-2.88418 5
-2.83846 6
-2.79275 5
-2.74703 18
-2.70132 29
-2.6556 15
-2.60989 29
-2.56417 16
-2.51846 31
-2.47274 26
-2.42703 23
-2.38131 25
-2.3356 29
-2.28988 27
-2.24417 19
-2.19845 34
-2.15274 26
-2.10702 24
-2.06131 37
-2.01559 26
-1.96987 35
-1.92416 30
-1.87844 34
-1.83273 30
-1.78701 32
-1.7413 29
-1.69558 31
-1.64987 28
-1.60415 32
-1.55844 33
-1.51272 35
-1.46701 43
-1.42129 30
-1.37558 34
-1.32986 37
-1.28415 32
-1.23843 39
-1.19272 36
-1.147 38
-1.10129 39
-1.05557 30
-1.00986 30
-0.964144 31
-0.918429 45
-0.872714 27
-0.826999 31
-0.781284 32
-0.735569 43
-0.689854 42
-0.644139 32
-0.598423 43
-0.552709 33
-0.506993 32
-0.461278 46
-0.415563 36
-0.369848 29
-0.324133 27
-0.278418 44
-0.232703 31
-0.186988 39
-0.141273 29
-0.0955577 44
-0.0498428 49
-0.00412798 34
0.0415874 44
0.0873022 32
0.133018 32
0.178732 42
0.224447 29
0.270163 48
0.315877 47
0.361593 31
0.407308 28
0.453022 39
0.498738 23
0.544453 44
0.590168 34
0.635883 36
0.681598 36
0.727313 40
0.773028 29
0.818743 35
0.864458 35
0.910173 33
0.955888 22
1.0016 33
1.04732 25
1.09303 34
1.13875 41
1.18446 30
1.23018 31
1.27589 26
1.32161 33
1.36732 22
1.41304 35
1.45875 31
1.50447 37
1.55018 38
1.5959 32
1.64161 38
1.68733 28
1.73304 25
1.77876 29
1.82447 32
1.87019 33
1.9159 31
1.96162 37
2.00733 30
2.05305 35
2.09876 27
2.14448 33
2.19019 27
2.23591 40
2.28162 35
2.32734 20
2.37305 28
2.41877 16
2.46448 21
2.5102 23
2.55591 34
2.60163 17
2.64735 21
2.69306 31
2.73878 18
2.78449 13
2.83021 5
2.87592 6
2.92164 6
2.96735 8
3.01307 1
3.05878 4
3.1045 7
3.15021 2
3.19593 2
3.24164 4
3.28736 1
3.33307 0
3.37879 0
3.4245 0
3.47022 1
3.51593 1
3.56165 1
3.60736 1
3.65308 0
3.69879 0
3.74451 0
3.79022 2
3.83594 0
3.88165 2
3.92737 0
3.97308 0
4.0188 0
4.06451 1
4.11023 0
4.15594 0
4.20166 1
4.24737 0
4.29309 0
4.3388 0
4.38452 0
4.43023 1
4.47595 1
4.52166 1
