# Velocity.X histogram (bin size: 0.0512383)
-5.05825 1
-5.00701 0
-4.95577 0
-4.90454 0
-4.8533 0
-4.80206 0
-4.75082 0
-4.69958 0
-4.64834 0
-4.59711 2
-4.54587 0
-4.49463 1
-4.44339 0
-4.39215 1
-4.34091 1
-4.28968 0
-4.23844 0
-4.1872 1
-4.13596 3
-4.08472 1
-4.03348 0
-3.98225 1
-3.93101 0
-3.87977 2
-3.82853 2
-3.77729 0
-3.72606 4
-3.67482 1
-3.62358 3
-3.57234 3
-3.5211 3
-3.46986 6
-3.41863 6
-3.36739 2
-3.31615 3
-3.26491 4
-3.21367 4
-3.16243 8
-3.1112 7
-3.05996 10
-3.00872 10
-2.95748 12
-2.90624 8
-2.855 13
-2.80377 11
-2.75253 12
-2.70129 15
-2.65005 19
-2.59881 22
-2.54757 15
-2.49634 16
-2.4451 23
-2.39386 28
-2.34262 26
-2.29138 26
-2.24014 34
-2.18891 23
-2.13767 25
-2.08643 24
-2.03519 31
-1.98395 22
-1.93271 33
-1.88148 24
-1.83024 27
-1.779 51
-1.72776 27
-1.67652 33
-1.62528 31
-1.57405 36
-1.52281 26
-1.47157 32
-1.42033 28
-1.36909 34
-1.31785 41
-1.26662 44
-1.21538 35
-1.16414 30
-1.1129 38
-1.06166 45
-1.01043 42
-0.959187 49
-0.907948 45
-0.85671 46
-0.805472 33
-0.754234 56
-0.702995 40
-0.651757 44
-0.600519 39
-0.549281 34
-0.498042 47
-0.446804 46
-0.395566 45
-0.344327 48
-0.293089 51
-0.241851 50
-0.190612 58
-0.139374 53
-0.0881357 49
-0.0368977 47
0.0143409 40
0.0655789 36
0.116817 48
0.168056 45
0.219294 37
0.270532 42
0.321771 49
0.373009 44
0.424247 48
0.475485 36
0.526724 48
0.577962 32
0.6292 40
0.680439 33
0.731677 45
0.782915 26
0.834154 38
0.885392 44
0.93663 39
0.987868 41
1.03911 44
1.09034 42
1.14158 35
1.19282 36
1.24406 36
1.2953 39
1.34654 38
1.39777 38
1.44901 29
1.50025 36
1.55149 42
1.60273 36
1.65397 38
1.7052 34
1.75644 39
1.80768 30
1.85892 40
1.91016 33
1.9614 28
2.01263 28
2.06387 22
2.11511 31
2.16635 20
2.21759 32
2.26883 22
2.32006 16
2.3713 24
2.42254 21
2.47378 20
2.52502 13
2.57626 16
2.62749 13
2.67873 17
2.72997 19
2.78121 14
2.83245 18
2.88369 12
2.93492 9
2.98616 7
3.0374 9
3.08864 6
3.13988 5
3.19112 4
3.24235 2
3.29359 4
3.34483 6
3.39607 7
3.44731 3
3.49854 6
3.54978 7
3.60102 2
3.65226 6
3.7035 3
3.75474 0
3.80597 1
3.85721 0
3.90845 4
3.95969 2
4.01093 0
4.06217 3
4.1134 0
4.16464 0
4.21588 0
4.26712 1
4.31836 1
4.3696 0
4.42083 2
4.47207 0
4.52331 2
4.57455 0
4.62579 0
4.67703 0
4.72826 0
4.7795 0
4.83074 0
4.88198 1
4.93322 0
4.98446 0
5.03569 1
5.08693 0
5.13817 2
