# Velocity.X histogram (bin size: 0.0553914)
-5.81165 1
-5.75626 0
-5.70087 0
-5.64548 0
-5.59009 0
-5.5347 0
-5.47931 0
-5.42391 0
-5.36852 0
-5.31313 0
-5.25774 0
-5.20235 0
-5.14696 0
-5.09157 0
-5.03617 0
-4.98078 0
-4.92539 0
-4.87 2
-4.81461 2
-4.75922 0
-4.70383 2
-4.64843 1
-4.59304 1
-4.53765 1
-4.48226 0
-4.42687 1
-4.37148 0
-4.31609 0
-4.26069 2
-4.2053 1
-4.14991 3
-4.09452 3
-4.03913 0
-3.98374 1
-3.92835 2
-3.87295 1
-3.81756 6
-3.76217 0
-3.70678 0
-3.65139 7
-3.596 4
-3.54061 6
-3.48521 7
-3.42982 5
-3.37443 4
-3.31904 4
-3.26365 3
-3.20826 5
-3.15286 7
-3.09747 13
-3.04208 7
-2.98669 13
-2.9313 9
-2.87591 11
-2.82052 19
-2.76512 9
-2.70973 12
-2.65434 16
-2.59895 13
-2.54356 15
-2.48817 26
-2.43278 14
-2.37738 28
-2.32199 24
-2.2666 15
-2.21121 25
-2.15582 15
-2.10043 35
-2.04504 24
-1.98964 26
-1.93425 31
-1.87886 25
-1.82347 37
-1.76808 38
-1.71269 35
-1.6573 30
-1.6019 38
-1.54651 34
-1.49112 38
-1.43573 27
-1.38034 46
-1.32495 27
-1.26956 36
-1.21416 37
-1.15877 43
-1.10338 48
-1.04799 50
-0.992599 55
-0.937207 59
-0.881815 48
-0.826424 43
-0.771033 43
-0.715641 49
-0.66025 46
-0.604858 53
-0.549467 43
-0.494075 44
-0.438684 56
-0.383293 56
-0.327901 34
-0.27251 47
-0.217118 56
-0.161726 46
-0.106335 60
-0.0509439 62
0.00444746 56
0.0598392 51
0.115231 66
0.170622 37
0.226014 53
0.281405 62
0.336796 53
0.392188 49
0.447579 57
0.502971 56
0.558362 60
0.613754 50
0.669145 35
0.724536 56
0.779928 50
0.83532 50
0.890711 49
0.946102 54
1.00149 43
1.05689 43
1.11228 36
1.16767 42
1.22306 36
1.27845 37
1.33384 41
1.38923 29
1.44463 24
1.50002 33
1.55541 36
1.6108 36
1.66619 31
1.72158 30
1.77697 33
1.83237 33
1.88776 34
1.94315 33
1.99854 29
2.05393 23
2.10932 27
2.16471 22
2.22011 25
2.2755 19
2.33089 14
2.38628 21
2.44167 18
2.49706 18
2.55245 16
2.60785 23
2.66324 18
2.71863 19
2.77402 16
2.82941 15
2.8848 12
2.94019 8
2.99559 11
3.05098 18
3.10637 4
3.16176 5
3.21715 3
3.27254 8
3.32793 8
3.38333 3
3.43872 6
3.49411 1
3.5495 5
3.60489 1
3.66028 2
3.71567 4
3.77107 4
3.82646 2
3.88185 5
3.93724 2
3.99263 3
4.04802 1
4.10342 2
4.15881 2
4.2142 0
4.26959 2
4.32498 1
4.38037 1
4.43576 0
4.49116 1
4.54655 0
4.60194 0
4.65733 1
4.71272 1
4.76811 1
4.8235 0
4.8789 0
4.93429 0
4.98968 0
5.04507 1
5.10046 1
5.15585 1
5.21124 1
