# Velocity.X histogram (bin size: 0.0578607)
-5.80431 1
-5.74645 0
-5.68859 0
-5.63073 0
-5.57287 0
-5.51501 0
-5.45715 0
-5.39929 0
-5.34142 0
-5.28356 0
-5.2257 0
-5.16784 0
-5.10998 0
-5.05212 1
-4.99426 0
-4.9364 1
-4.87854 0
-4.82068 2
-4.76282 1
-4.70496 1
-4.6471 0
-4.58924 1
-4.53138 1
-4.47351 3
-4.41565 0
-4.35779 0
-4.29993 1
-4.24207 2
-4.18421 2
-4.12635 3
-4.06849 2
-4.01063 4
-3.95277 2
-3.89491 3
-3.83705 4
-3.77919 6
-3.72133 1
-3.66347 1
-3.6056 5
-3.54774 8
-3.48988 7
-3.43202 8
-3.37416 7
-3.3163 8
-3.25844 3
-3.20058 4
-3.14272 12
-3.08486 6
-3.027 13
-2.96914 10
-2.91128 9
-2.85342 9
-2.79556 9
-2.7377 11
-2.67983 9
-2.62197 15
-2.56411 14
-2.50625 18
-2.44839 22
-2.39053 16
-2.33267 18
-2.27481 24
-2.21695 28
-2.15909 17
-2.10123 20
-2.04337 26
-1.98551 28
-1.92765 31
-1.86979 29
-1.81192 28
-1.75406 31
-1.6962 42
-1.63834 44
-1.58048 48
-1.52262 40
-1.46476 30
-1.4069 43
-1.34904 45
-1.29118 36
-1.23332 45
-1.17546 39
-1.1176 50
-1.05974 58
-1.00188 54
-0.944015 61
-0.886155 56
-0.828294 55
-0.770433 46
-0.712573 52
-0.654712 46
-0.596851 50
-0.53899 45
-0.48113 54
-0.423269 53
-0.365408 58
-0.307548 53
-0.249687 63
-0.191827 41
-0.133966 54
-0.0761051 63
-0.0182447 45
0.0396161 53
0.0974765 57
0.155337 60
0.213198 53
0.271059 50
0.328919 43
0.38678 54
0.444641 69
0.502501 61
0.560362 45
0.618222 68
0.676083 66
0.733944 56
0.791804 48
0.849665 55
0.907526 43
0.965386 42
1.02325 48
1.08111 56
1.13897 34
1.19683 37
1.25469 35
1.31255 35
1.37041 39
1.42827 36
1.48613 33
1.54399 28
1.60185 32
1.65971 28
1.71757 28
1.77544 26
1.8333 24
1.89116 33
1.94902 32
2.00688 21
2.06474 31
2.1226 35
2.18046 22
2.23832 16
2.29618 28
2.35404 26
2.4119 24
2.46976 25
2.52762 32
2.58548 19
2.64335 14
2.70121 7
2.75907 12
2.81693 15
2.87479 8
2.93265 16
2.99051 14
3.04837 11
3.10623 13
3.16409 6
3.22195 12
3.27981 6
3.33767 5
3.39553 1
3.45339 7
3.51125 4
3.56912 7
3.62698 3
3.68484 1
3.7427 6
3.80056 2
3.85842 3
3.91628 2
3.97414 3
4.032 2
4.08986 4
4.14772 2
4.20558 2
4.26344 2
4.3213 0
4.37917 0
4.43703 0
4.49489 1
4.55275 1
4.61061 1
4.66847 0
4.72633 1
4.78419 0
4.84205 0
4.89991 2
4.95777 1
5.01563 0
5.07349 1
5.13135 0
5.18921 0
5.24707 0
5.30493 0
5.3628 0
5.42066 0
5.47852 0
5.53638 0
5.59424 0
5.6521 0
5.70996 1
