# Velocity.X histogram (bin size: 0.0507517)
-4.92752 1
-4.87677 0
-4.82602 0
-4.77527 1
-4.72452 2
-4.67377 0
-4.62301 2
-4.57226 0
-4.52151 0
-4.47076 2
-4.42001 1
-4.36926 1
-4.3185 0
-4.26775 0
-4.217 3
-4.16625 0
-4.1155 1
-4.06474 3
-4.01399 0
-3.96324 1
-3.91249 2
-3.86174 4
-3.81099 4
-3.76023 2
-3.70948 6
-3.65873 1
-3.60798 5
-3.55723 6
-3.50648 5
-3.45572 4
-3.40497 2
-3.35422 3
-3.30347 4
-3.25272 6
-3.20197 7
-3.15121 8
-3.10046 7
-3.04971 6
-2.99896 7
-2.94821 9
-2.89746 8
-2.8467 12
-2.79595 17
-2.7452 13
-2.69445 21
-2.6437 18
-2.59295 10
-2.54219 18
-2.49144 15
-2.44069 12
-2.38994 19
-2.33919 27
-2.28844 21
-2.23768 25
-2.18693 16
-2.13618 19
-2.08543 25
-2.03468 28
-1.98393 28
-1.93317 27
-1.88242 26
-1.83167 30
-1.78092 25
-1.73017 28
-1.67942 32
-1.62866 31
-1.57791 33
-1.52716 29
-1.47641 25
-1.42566 31
-1.37491 39
-1.32415 31
-1.2734 37
-1.22265 38
-1.1719 46
-1.12115 39
-1.07039 48
-1.01964 41
-0.968891 44
-0.91814 40
-0.867388 50
-0.816636 38
-0.765884 48
-0.715133 40
-0.664381 42
-0.613629 42
-0.562878 52
-0.512126 39
-0.461374 45
-0.410623 54
-0.359871 44
-0.309119 42
-0.258368 48
-0.207616 55
-0.156864 44
-0.106112 40
-0.0553608 44
-0.00460911 53
0.0461426 54
0.0968943 57
0.147646 46
0.198398 41
0.249149 54
0.299901 50
0.350653 43
0.401404 46
0.452156 44
0.502908 40
0.553659 49
0.604411 47
0.655163 47
0.705914 42
0.756667 44
0.807418 28
0.85817 42
0.908922 43
0.959673 42
1.01043 46
1.06118 49
1.11193 39
1.16268 37
1.21343 44
1.26418 46
1.31494 26
1.36569 36
1.41644 31
1.46719 43
1.51794 41
1.56869 33
1.61945 33
1.6702 30
1.72095 34
1.7717 32
1.82245 30
1.8732 27
1.92396 28
1.97471 30
2.02546 24
2.07621 13
2.12696 36
2.17771 19
2.22847 18
2.27922 13
2.32997 21
2.38072 14
2.43147 13
2.48222 19
2.53298 8
2.58373 22
2.63448 14
2.68523 16
2.73598 12
2.78673 17
2.83749 12
2.88824 13
2.93899 7
2.98974 11
3.04049 6
3.09124 4
3.142 4
3.19275 9
3.2435 6
3.29425 6
3.345 7
3.39575 5
3.44651 5
3.49726 2
3.54801 4
3.59876 5
3.64951 3
3.70026 3
3.75102 2
3.80177 0
3.85252 5
3.90327 1
3.95402 0
4.00478 5
4.05553 0
4.10628 2
4.15703 1
4.20778 2
4.25853 1
4.30929 0
4.36004 1
4.41079 0
4.46154 0
4.51229 0
4.56304 0
4.6138 1
4.66455 0
4.7153 0
4.76605 0
4.8168 0
4.86755 0
4.91831 0
4.96906 1
5.01981 1
5.07056 0
5.12131 2
5.17206 2
