# Velocity.X histogram (bin size: 0.0276105)
-2.74718 24
-2.71957 16
-2.69196 17
-2.66435 17
-2.63674 18
-2.60913 19
-2.58152 22
-2.55391 12
-2.5263 16
-2.49869 21
-2.47108 21
-2.44347 14
-2.41586 22
-2.38825 21
-2.36064 8
-2.33303 25
-2.30542 20
-2.27781 14
-2.25019 12
-2.22258 23
-2.19497 22
-2.16736 19
-2.13975 16
-2.11214 16
-2.08453 21
-2.05692 14
-2.02931 24
-2.0017 24
-1.97409 16
-1.94648 18
-1.91887 27
-1.89126 25
-1.86365 21
-1.83604 20
-1.80843 21
-1.78082 16
-1.7532 21
-1.72559 24
-1.69798 22
-1.67037 17
-1.64276 17
-1.61515 18
-1.58754 25
-1.55993 23
-1.53232 21
-1.50471 21
-1.4771 21
-1.44949 25
-1.42188 32
-1.39427 20
-1.36666 17
-1.33905 18
-1.31144 18
-1.28383 18
-1.25621 29
-1.2286 20
-1.20099 17
-1.17338 15
-1.14577 22
-1.11816 24
-1.09055 22
-1.06294 16
-1.03533 16
-1.00772 16
-0.980109 17
-0.952499 22
-0.924888 21
-0.897278 22
-0.869667 24
-0.842057 17
-0.814446 23
-0.786836 17
-0.759225 14
-0.731615 24
-0.704004 24
-0.676394 22
-0.648783 33
-0.621172 24
-0.593562 18
-0.565951 17
-0.538341 21
-0.51073 19
-0.483119 20
-0.455509 25
-0.427898 26
-0.400288 16
-0.372677 19
-0.345067 15
-0.317456 18
-0.289846 17
-0.262235 20
-0.234625 10
-0.207014 19
-0.179404 22
-0.151793 22
-0.124182 22
-0.0965719 16
-0.0689614 23
-0.0413508 26
-0.0137403 25
0.0138702 20
0.0414808 14
0.0690916 21
0.0967021 17
0.124313 28
0.151923 20
0.179534 26
0.207144 18
0.234755 17
0.262365 28
0.289976 24
0.317586 31
0.345197 13
0.372808 24
0.400418 17
0.428029 28
0.455639 20
0.48325 23
0.51086 21
0.538471 29
0.566081 14
0.593692 18
0.621302 28
0.648913 15
0.676523 22
0.704134 22
0.731745 24
0.759355 21
0.786966 13
0.814576 14
0.842187 21
0.869797 21
0.897408 15
0.925019 20
0.952629 24
0.98024 21
1.00785 20
1.03546 20
1.06307 18
1.09068 25
1.11829 18
1.1459 26
1.17351 14
1.20112 20
1.22873 21
1.25635 13
1.28396 15
1.31157 18
1.33918 27
1.36679 12
1.3944 15
1.42201 21
1.44962 25
1.47723 16
1.50484 21
1.53245 20
1.56006 22
1.58767 21
1.61528 20
1.64289 26
1.6705 14
1.69811 21
1.72572 19
1.75333 26
1.78095 16
1.80856 24
1.83617 22
1.86378 17
1.89139 23
1.919 21
1.94661 20
1.97422 20
2.00183 19
2.02944 22
2.05705 27
2.08466 20
2.11227 23
2.13988 21
2.16749 17
2.1951 19
2.22271 21
2.25032 24
2.27794 14
2.30555 20
2.33316 16
2.36077 15
2.38838 21
2.41599 16
2.4436 15
2.47121 17
2.49882 19
2.52643 15
2.55404 23
2.58165 17
2.60926 21
2.63687 17
2.66448 14
2.69209 29
2.7197 17
2.74731 15
