Step KinEng PotEng TotEng 
       0    3.7490625            0    3.7490625 
     100    3.7855294  -0.03867878    3.7468506 
     200    3.7897275 -0.043586932    3.7461406 
     300    3.7955603 -0.049619515    3.7459407 
     400    3.8058687  -0.06021673     3.745652 
     500     3.805111 -0.059371709    3.7457393 
     600    3.8000668 -0.054519819     3.745547 
     700    3.8083378 -0.062804791     3.745533 
     800    3.7925859 -0.046810946    3.7457749 
     900    3.7973005 -0.051766376    3.7455341 
    1000    3.8064289 -0.061046032    3.7453829 
    1100    3.8027767 -0.057409313    3.7453674 
    1200    3.8030556 -0.057763416    3.7452922 
    1300    3.7973867  -0.05191199    3.7454747 
    1400    3.8029231 -0.057671241    3.7452519 
    1500    3.8006619 -0.055597006    3.7450649 
    1600    3.8086909 -0.063594002    3.7450969 
    1700    3.8084081 -0.063323319    3.7450847 
    1800     3.804092 -0.059182157    3.7449099 
    1900      3.81097 -0.066059253    3.7449107 
    2000    3.8108383 -0.065907439    3.7449309 
    2100    3.8059695 -0.061052338    3.7449172 
    2200    3.8039466 -0.059254805    3.7446918 
    2300    3.8073712 -0.062615136     3.744756 
    2400    3.8037902 -0.059098048    3.7446922 
    2500    3.8037998 -0.059174772     3.744625 
    2600     3.807155 -0.062719488    3.7444355 
    2700    3.8053085 -0.060686596    3.7446219 
    2800    3.7927986 -0.048123481    3.7446752 
    2900    3.8017287 -0.057135732     3.744593 
    3000    3.8028726 -0.058519088    3.7443535 
    3100    3.8040208 -0.059739103    3.7442817 
    3200     3.812126 -0.067975797    3.7441502 
    3300    3.8041769 -0.059946193    3.7442307 
    3400    3.7998309 -0.055552134    3.7442788 
    3500    3.8052281 -0.061191699    3.7440364 
    3600    3.8026402 -0.058578137    3.7440621 
    3700    3.8043397  -0.06020493    3.7441348 
    3800    3.8050793 -0.061110248     3.743969 
    3900    3.8042884  -0.06034551    3.7439429 
    4000    3.8068911 -0.063058383    3.7438327 
    4100    3.8041516 -0.060403155    3.7437485 
    4200    3.8069567 -0.063125382    3.7438314 
    4300    3.8000571 -0.056374992    3.7436821 
    4400    3.7998379 -0.056219698    3.7436182 
    4500    3.8053785   -0.0616539    3.7437246 
    4600     3.793347 -0.049695202    3.7436518 
    4700    3.8065555  -0.06298736    3.7435681 
    4800    3.8054232 -0.062013886    3.7434093 
    4900    3.7992527 -0.055704713     3.743548 
    5000    3.8053839 -0.062111801    3.7432721 
