Step KinEng PotEng TotEng 
       0    3.7490625            0    3.7490625 
     100    3.7496709 -0.0010269947    3.7486439 
     200    3.7857289 -0.038765606    3.7469633 
     300    3.7967173 -0.050251774    3.7464656 
     400    3.7898861 -0.043622377    3.7462637 
     500    3.7933729 -0.047263659    3.7461092 
     600     3.795794 -0.049688566    3.7461054 
     700    3.7967835 -0.050686604    3.7460969 
     800    3.8049412 -0.058983634    3.7459576 
     900    3.8025446 -0.056526982    3.7460177 
    1000    3.8051859 -0.059174334    3.7460116 
    1100    3.8013154 -0.055418026    3.7458974 
    1200    3.7982047 -0.052334328    3.7458704 
    1300    3.8007527 -0.054820637    3.7459321 
    1400    3.8052373 -0.059286411    3.7459509 
    1500    3.7994621 -0.053422725    3.7460394 
    1600    3.7989753 -0.052954819    3.7460205 
    1700    3.7981446 -0.052091861    3.7460527 
    1800    3.8033624 -0.057417158    3.7459453 
    1900    3.8068894 -0.061081035    3.7458084 
    2000    3.8040532 -0.058202173     3.745851 
    2100    3.8005709 -0.054691804    3.7458791 
    2200    3.8014099 -0.055537143    3.7458727 
    2300    3.7977913 -0.051929769    3.7458615 
    2400     3.807077 -0.061186853    3.7458902 
    2500    3.8065912  -0.06074534    3.7458459 
    2600    3.8054305 -0.059523365    3.7459071 
    2700    3.8025513  -0.05667983    3.7458715 
    2800     3.804898 -0.059032336    3.7458657 
    2900    3.8027291 -0.056772428    3.7459567 
    3000    3.8020836 -0.056057456    3.7460261 
    3100     3.800199 -0.054258423    3.7459405 
    3200    3.7993588 -0.053399348    3.7459594 
    3300    3.8013301 -0.055316844    3.7460132 
    3400    3.8036462 -0.057763229     3.745883 
    3500    3.7988637 -0.052956393    3.7459073 
    3600    3.8037876 -0.057755808    3.7460318 
    3700    3.8039646 -0.057939682    3.7460249 
    3800    3.7955373 -0.049509511    3.7460278 
    3900    3.8044886 -0.058590854    3.7458977 
    4000    3.8046947 -0.058812605    3.7458821 
    4100     3.804379 -0.058485336    3.7458937 
    4200    3.8049672 -0.059112961    3.7458542 
    4300    3.7994221 -0.053363111     3.746059 
    4400    3.8039661 -0.057984526    3.7459816 
    4500    3.8027083 -0.056841129    3.7458672 
    4600    3.8060041 -0.060066936    3.7459371 
    4700    3.8020004 -0.056075905    3.7459245 
    4800    3.8015356 -0.055493346    3.7460423 
    4900     3.802411 -0.056400672    3.7460103 
    5000    3.7997194 -0.053708849    3.7460106 
